4032
0 
6674 
4 
4953 
5 
2097 
6 
5507 
9 
3325 
10 
8324 
11 
1230 
12 
3879 
15 
9698 
17 
5035 
18 
5152 
21 
4805 
22 
5919 
24 
5602 
26 
2379 
27 
8480 
28 
3900 
30 
6357 
31 
3213 
32 
1464 
37 
120 
38 
1098 
40 
4430 
41 
7416 
44 
3390 
46 
3170 
48 
3120 
49 
3987 
50 
989 
53 
2806 
56 
7465 
57 
8106 
59 
7838 
60 
136 
64 
2211 
65 
1558 
67 
5177 
68 
7271 
71 
4479 
74 
1526 
75 
4935 
76 
4041 
77 
778 
80 
6448 
82 
6746 
83 
223 
86 
3500 
87 
3328 
90 
1750 
92 
4255 
93 
5116 
95 
1655 
96 
7603 
97 
1542 
101 
3720 
107 
5990 
110 
2740 
113 
6388 
115 
4185 
122 
1757 
125 
4153 
126 
1033 
129 
2735 
131 
834 
132 
3775 
134 
5062 
135 
6109 
138 
4462 
139 
1644 
140 
2089 
141 
6464 
143 
3719 
146 
5668 
150 
1190 
160 
2154 
161 
4241 
162 
8697 
163 
9666 
164 
1978 
165 
353 
166 
8007 
170 
1756 
171 
5189 
175 
3515 
176 
656 
178 
8098 
181 
545 
182 
8282 
183 
7250 
189 
5112 
190 
1547 
191 
4154 
192 
6638 
196 
6831 
198 
5460 
199 
9955 
200 
1769 
201 
893 
202 
453 
204 
1687 
207 
4497 
210 
6133 
213 
2667 
215 
947 
216 
3897 
217 
4892 
218 
4618 
219 
4121 
221 
6462 
224 
5059 
227 
922 
228 
410 
229 
726 
235 
6816 
239 
587 
240 
8206 
241 
6465 
242 
6286 
243 
2059 
244 
4259 
245 
2828 
247 
998 
257 
938 
261 
3440 
262 
1430 
267 
9856 
269 
5335 
273 
970 
275 
3376 
277 
2196 
280 
495 
281 
915 
282 
7424 
287 
6867 
293 
3855 
294 
791 
296 
4150 
297 
3244 
299 
8359 
300 
2307 
302 
4345 
304 
8379 
305 
7577 
310 
6852 
313 
1768 
314 
1904 
316 
3603 
319 
4113 
322 
7571 
324 
4019 
325 
5140 
327 
9385 
328 
2577 
329 
6402 
330 
6274 
331 
5428 
334 
3721 
335 
8403 
336 
8834 
339 
1713 
340 
4588 
342 
3678 
345 
8701 
347 
1032 
350 
3861 
351 
5014 
352 
3745 
354 
7970 
355 
5981 
356 
3201 
357 
4238 
358 
603 
359 
2225 
362 
7484 
363 
7987 
366 
1433 
367 
5483 
370 
1262 
373 
1421 
374 
5522 
377 
6472 
382 
7065 
383 
4134 
385 
1834 
386 
8234 
387 
7608 
388 
9640 
389 
3164 
393 
8822 
394 
9952 
396 
7998 
397 
5368 
398 
5717 
400 
4644 
405 
2208 
407 
4197 
411 
899 
412 
4933 
414 
1626 
415 
1685 
417 
6557 
420 
7410 
421 
9717 
423 
1852 
424 
1282 
425 
441 
428 
2294 
430 
2140 
433 
507 
434 
3056 
436 
8054 
439 
5031 
440 
1062 
442 
582 
445 
7566 
447 
5638 
449 
4071 
457 
9012 
460 
1007 
461 
8079 
462 
3810 
463 
1395 
465 
1400 
467 
3229 
470 
942 
471 
7909 
472 
835 
475 
1506 
477 
1760 
478 
7165 
479 
4900 
482 
8998 
484 
1568 
485 
4472 
486 
2569 
488 
3518 
493 
5482 
499 
6507 
500 
4140 
505 
3227 
506 
1920 
511 
2486 
512 
7906 
515 
7159 
517 
669 
519 
2722 
520 
1240 
521 
2360 
522 
7708 
529 
2444 
530 
9815 
534 
626 
535 
7856 
536 
5851 
537 
2136 
539 
2492 
542 
5818 
546 
4078 
549 
2416 
551 
4243 
552 
8066 
555 
6584 
556 
1500 
558 
9590 
560 
2763 
561 
936 
564 
1939 
566 
3788 
567 
999 
575 
8610 
590 
1723 
591 
2930 
593 
7325 
595 
8269 
596 
1833 
597 
1241 
601 
9571 
602 
8302 
608 
4581 
611 
1366 
612 
3224 
614 
4637 
618 
4239 
619 
2020 
621 
3644 
623 
8247 
624 
2974 
625 
8203 
627 
9020 
629 
2986 
634 
6783 
636 
7889 
639 
7102 
640 
6346 
642 
2439 
643 
1864 
645 
6449 
652 
3107 
653 
1719 
655 
2082 
657 
9747 
658 
3660 
660 
7507 
662 
7580 
663 
9057 
666 
4387 
668 
1602 
672 
7683 
674 
9831 
679 
1396 
683 
7262 
684 
2390 
685 
1738 
686 
4674 
690 
2574 
691 
7879 
692 
6949 
693 
6569 
697 
1390 
698 
6771 
699 
2681 
704 
2736 
708 
4375 
710 
2709 
714 
7043 
717 
1281 
723 
6621 
724 
7394 
725 
4580 
729 
3978 
730 
3545 
734 
5552 
737 
5240 
739 
2217 
740 
8064 
744 
2018 
745 
3736 
747 
9014 
748 
5018 
749 
3089 
750 
6380 
751 
2639 
752 
2160 
754 
9185 
756 
5611 
760 
1597 
761 
5475 
762 
7572 
764 
2596 
765 
3356 
770 
3400 
774 
8301 
777 
9916 
781 
3295 
784 
4670 
787 
4796 
790 
5046 
794 
5223 
795 
4014 
796 
2875 
798 
2691 
803 
4446 
804 
7055 
805 
4683 
808 
1725 
809 
2076 
810 
2407 
812 
2431 
813 
2836 
814 
9937 
817 
4544 
819 
1829 
821 
5821 
823 
4266 
824 
1790 
827 
4308 
828 
3038 
829 
4002 
830 
1263 
838 
2767 
839 
7717 
841 
1293 
842 
4668 
844 
4849 
846 
9876 
848 
8042 
850 
9009 
852 
1370 
854 
9421 
859 
4010 
862 
4563 
863 
8093 
864 
4294 
866 
5806 
867 
939 
868 
8999 
869 
5985 
870 
6856 
874 
2460 
876 
6820 
881 
1331 
886 
5333 
889 
9013 
890 
2803 
891 
3281 
897 
9128 
901 
5958 
905 
7888 
906 
9655 
908 
2152 
910 
9559 
911 
2853 
912 
5356 
916 
1525 
917 
1196 
919 
3380 
920 
8650 
923 
7811 
924 
7180 
930 
6528 
932 
5928 
933 
6846 
937 
7286 
948 
5765 
949 
987 
953 
5680 
955 
2300 
957 
7533 
960 
1664 
963 
2150 
964 
8815 
967 
9226 
969 
1174 
973 
9102 
975 
6270 
976 
6595 
978 
1406 
980 
5399 
983 
7870 
984 
3588 
991 
1616 
994 
1863 
1001 
4697 
1002 
9579 
1003 
1554 
1004 
1203 
1006 
9121 
1010 
5797 
1011 
9819 
1012 
7938 
1016 
2031 
1018 
1862 
1019 
8614 
1020 
9032 
1021 
1871 
1025 
7329 
1026 
7462 
1027 
4213 
1029 
1956 
1035 
7407 
1037 
1245 
1038 
7344 
1041 
3580 
1045 
5895 
1047 
4820 
1048 
5842 
1054 
6156 
1057 
9790 
1063 
3977 
1066 
9370 
1072 
9789 
1073 
2065 
1074 
2073 
1077 
9711 
1079 
2926 
1081 
7092 
1082 
2209 
1084 
3522 
1085 
3949 
1086 
2346 
1090 
4428 
1091 
7393 
1092 
7152 
1095 
4634 
1102 
1189 
1104 
4431 
1106 
3583 
1107 
4662 
1108 
6125 
1109 
4422 
1120 
4115 
1121 
4023 
1126 
3131 
1127 
2976 
1129 
9753 
1131 
2700 
1133 
5441 
1134 
8769 
1137 
4402 
1139 
7986 
1140 
4811 
1142 
8362 
1143 
3567 
1145 
8276 
1146 
4193 
1151 
4247 
1155 
7656 
1157 
6693 
1158 
7356 
1159 
9325 
1165 
7409 
1167 
4063 
1168 
8210 
1170 
6930 
1179 
2323 
1184 
8836 
1187 
4136 
1188 
3710 
1199 
8597 
1200 
2769 
1205 
8155 
1206 
9199 
1209 
4522 
1212 
1289 
1216 
9866 
1217 
4656 
1220 
6334 
1222 
3075 
1224 
1866 
1225 
4812 
1232 
4491 
1236 
2545 
1239 
7681 
1244 
5588 
1246 
3842 
1249 
8731 
1250 
1258 
1254 
5967 
1256 
3192 
1260 
3911 
1265 
5649 
1267 
5324 
1268 
7711 
1270 
6386 
1271 
5148 
1273 
1669 
1278 
9253 
1279 
2962 
1280 
1318 
1284 
1972 
1286 
5712 
1296 
4026 
1300 
9320 
1301 
5530 
1305 
3182 
1306 
4682 
1307 
1929 
1314 
2941 
1315 
3105 
1316 
9600 
1317 
5783 
1319 
3183 
1322 
5726 
1324 
5690 
1326 
7119 
1327 
8916 
1329 
8222 
1330 
4309 
1334 
2656 
1338 
8395 
1339 
5311 
1344 
6404 
1347 
6609 
1349 
2617 
1350 
9931 
1352 
8584 
1356 
4710 
1358 
5873 
1361 
3674 
1362 
3506 
1364 
5831 
1369 
6362 
1372 
6082 
1373 
4024 
1376 
8714 
1378 
1909 
1381 
2257 
1384 
4101 
1386 
7379 
1388 
4442 
1392 
3912 
1398 
8758 
1401 
4220 
1402 
6676 
1405 
5167 
1407 
8522 
1409 
1698 
1411 
4606 
1415 
7952 
1417 
5481 
1418 
7229 
1424 
4378 
1426 
2730 
1432 
6171 
1434 
8688 
1435 
4521 
1436 
1573 
1442 
1638 
1444 
6837 
1447 
1824 
1451 
5392 
1452 
6393 
1457 
6821 
1458 
6242 
1460 
9737 
1461 
5858 
1462 
2185 
1463 
3833 
1465 
3232 
1467 
3639 
1470 
9513 
1471 
5548 
1474 
3838 
1475 
1971 
1476 
4512 
1481 
3142 
1483 
2118 
1490 
6562 
1491 
6077 
1493 
5860 
1495 
8690 
1497 
3450 
1498 
6158 
1499 
5770 
1501 
5474 
1505 
8841 
1507 
5052 
1510 
6838 
1511 
9240 
1513 
7846 
1514 
1938 
1516 
2953 
1523 
4130 
1529 
3892 
1530 
9987 
1532 
3259 
1539 
4473 
1543 
1859 
1545 
2980 
1550 
8494 
1551 
5573 
1552 
4322 
1553 
4871 
1556 
5307 
1557 
6034 
1565 
5027 
1566 
2533 
1567 
3218 
1569 
6496 
1572 
2867 
1574 
7088 
1575 
1651 
1580 
1942 
1582 
4660 
1583 
3783 
1584 
5308 
1587 
4370 
1589 
7557 
1593 
7604 
1594 
1621 
1596 
8785 
1598 
3052 
1604 
2638 
1610 
8352 
1611 
9266 
1612 
4632 
1615 
8851 
1624 
5017 
1625 
6353 
1627 
5065 
1630 
3329 
1632 
4382 
1635 
3426 
1636 
5906 
1640 
3984 
1645 
5946 
1650 
1887 
1658 
3682 
1659 
4979 
1661 
4877 
1666 
9254 
1668 
2773 
1675 
7733 
1680 
3701 
1681 
7321 
1682 
4614 
1690 
7334 
1694 
6659 
1696 
1718 
1700 
4447 
1704 
5133 
1708 
3853 
1710 
3382 
1711 
5623 
1712 
7747 
1716 
5296 
1722 
4162 
1727 
9175 
1730 
6013 
1733 
4016 
1736 
7502 
1740 
7661 
1742 
4987 
1744 
2048 
1747 
7134 
1748 
2816 
1751 
2132 
1752 
9257 
1755 
3836 
1761 
6316 
1763 
8527 
1765 
6318 
1766 
5954 
1773 
9740 
1776 
6735 
1777 
4265 
1779 
9818 
1780 
2164 
1784 
3256 
1785 
3876 
1786 
8184 
1787 
7147 
1791 
7908 
1792 
2044 
1793 
4806 
1794 
2114 
1798 
7251 
1802 
2218 
1803 
6485 
1806 
8199 
1808 
5600 
1816 
4344 
1818 
7706 
1819 
5121 
1820 
5143 
1827 
2563 
1832 
4766 
1839 
3888 
1840 
6757 
1843 
8874 
1845 
6288 
1849 
7080 
1857 
1888 
1860 
6893 
1861 
3096 
1867 
4848 
1870 
3576 
1877 
8049 
1879 
1896 
1881 
6023 
1883 
4653 
1885 
2030 
1891 
3573 
1894 
3231 
1901 
3147 
1903 
5373 
1905 
5627 
1907 
4650 
1908 
8020 
1915 
4880 
1919 
2627 
1921 
5587 
1922 
5918 
1924 
6925 
1926 
2001 
1927 
2717 
1930 
6903 
1934 
6922 
1936 
8756 
1940 
5988 
1943 
4198 
1945 
7857 
1946 
8444 
1947 
8659 
1948 
9766 
1954 
9967 
1955 
4854 
1957 
8307 
1959 
7300 
1961 
2382 
1962 
5567 
1970 
5568 
1974 
8164 
1976 
9101 
1977 
2288 
1979 
8695 
1981 
7039 
1984 
6399 
1992 
6260 
1993 
5805 
1998 
9313 
2003 
7988 
2004 
2593 
2007 
4980 
2009 
6979 
2011 
5840 
2012 
3600 
2016 
6598 
2019 
9854 
2021 
2864 
2022 
4886 
2025 
9078 
2028 
8962 
2032 
4311 
2034 
5451 
2035 
6756 
2036 
2682 
2037 
8642 
2039 
6848 
2040 
6908 
2042 
5520 
2045 
2241 
2049 
6008 
2052 
8458 
2057 
5005 
2058 
4566 
2061 
3794 
2062 
3279 
2066 
5202 
2069 
2669 
2070 
2362 
2071 
7253 
2074 
3910 
2081 
4456 
2083 
2636 
2084 
3245 
2086 
5719 
2088 
4044 
2094 
4954 
2095 
7482 
2099 
3351 
2100 
5774 
2103 
2951 
2104 
5192 
2107 
5569 
2108 
8159 
2109 
6152 
2116 
7522 
2119 
3784 
2120 
7770 
2123 
9613 
2124 
2305 
2125 
6878 
2130 
7290 
2131 
2268 
2133 
8175 
2134 
9708 
2139 
4453 
2141 
8598 
2143 
5305 
2146 
8770 
2149 
6535 
2151 
3204 
2153 
6434 
2156 
8253 
2158 
2509 
2165 
4388 
2166 
9031 
2167 
9422 
2168 
6904 
2170 
3733 
2172 
8735 
2176 
7219 
2178 
3952 
2179 
5114 
2180 
6966 
2186 
2414 
2189 
8856 
2191 
5241 
2194 
3402 
2200 
2641 
2202 
7527 
2204 
4420 
2205 
2726 
2206 
7737 
2210 
8673 
2222 
5864 
2223 
5885 
2227 
9868 
2230 
5561 
2231 
7383 
2236 
2891 
2240 
8728 
2248 
4508 
2250 
6213 
2255 
6225 
2256 
7400 
2258 
8147 
2260 
8150 
2262 
2900 
2265 
8655 
2269 
2929 
2270 
4151 
2271 
3024 
2274 
6051 
2275 
6088 
2279 
6620 
2282 
7026 
2283 
4319 
2286 
5383 
2290 
6657 
2301 
2314 
2303 
9835 
2315 
4012 
2318 
4369 
2320 
6765 
2321 
5026 
2325 
2417 
2326 
2659 
2331 
8112 
2334 
6803 
2335 
3467 
2339 
4994 
2340 
6162 
2342 
4711 
2343 
7616 
2344 
2961 
2345 
4733 
2347 
8532 
2348 
4627 
2350 
4658 
2352 
8581 
2353 
8102 
2357 
2508 
2358 
3421 
2359 
9770 
2365 
8986 
2376 
3169 
2377 
8918 
2383 
7388 
2384 
6537 
2385 
3928 
2386 
3028 
2387 
9097 
2388 
7963 
2389 
7712 
2391 
9978 
2392 
7948 
2393 
6529 
2401 
8316 
2403 
6519 
2408 
5972 
2410 
5861 
2411 
8629 
2415 
5425 
2418 
7941 
2420 
4404 
2421 
6363 
2424 
5790 
2428 
7332 
2432 
7807 
2434 
2920 
2436 
3751 
2438 
6151 
2440 
8682 
2446 
9949 
2449 
2946 
2451 
5586 
2452 
5521 
2456 
3813 
2458 
5777 
2464 
3828 
2470 
8492 
2472 
9303 
2473 
9083 
2474 
2653 
2475 
8558 
2476 
7839 
2477 
9611 
2478 
4102 
2482 
5346 
2484 
8700 
2494 
5007 
2497 
3470 
2499 
4156 
2500 
4364 
2503 
3786 
2505 
4688 
2507 
2903 
2510 
6134 
2521 
9620 
2524 
5505 
2525 
7313 
2526 
6209 
2535 
4828 
2544 
5685 
2547 
4400 
2549 
8560 
2551 
4679 
2556 
9431 
2557 
5269 
2559 
8757 
2566 
7001 
2575 
6172 
2578 
4204 
2581 
3504 
2583 
5791 
2584 
7146 
2585 
6505 
2586 
9678 
2589 
7089 
2590 
9146 
2592 
6681 
2594 
6073 
2598 
8078 
2602 
3731 
2603 
5607 
2604 
4305 
2606 
8572 
2610 
5336 
2620 
9671 
2622 
6585 
2625 
5215 
2626 
6833 
2630 
5813 
2631 
3650 
2632 
9260 
2633 
4149 
2642 
7281 
2644 
7542 
2645 
6968 
2646 
3161 
2648 
5493 
2649 
4166 
2651 
9477 
2655 
9170 
2657 
4347 
2666 
7488 
2668 
3191 
2680 
6886 
2686 
8471 
2687 
6995 
2688 
4007 
2690 
7414 
2692 
9714 
2696 
3584 
2701 
4001 
2702 
4070 
2703 
4824 
2704 
3896 
2712 
5158 
2723 
9359 
2725 
5351 
2732 
4249 
2738 
8806 
2742 
3099 
2746 
2862 
2750 
8220 
2752 
6198 
2753 
8496 
2761 
4401 
2762 
3460 
2765 
3542 
2770 
4577 
2777 
8692 
2786 
4641 
2794 
6309 
2796 
5535 
2799 
9464 
2801 
7186 
2804 
6758 
2805 
6885 
2809 
3634 
2813 
7423 
2819 
8167 
2827 
8089 
2831 
3345 
2838 
6333 
2841 
7702 
2844 
5040 
2846 
5332 
2847 
4468 
2849 
3893 
2851 
6376 
2857 
9308 
2859 
4386 
2860 
8790 
2871 
5251 
2876 
9246 
2879 
9276 
2882 
3623 
2883 
6444 
2885 
5053 
2888 
9721 
2890 
4988 
2893 
9612 
2899 
9144 
2901 
8194 
2909 
5306 
2911 
5537 
2913 
5979 
2917 
6349 
2919 
3651 
2924 
7444 
2928 
8286 
2934 
6703 
2945 
4918 
2947 
9630 
2952 
7950 
2955 
8798 
2956 
8924 
2960 
8012 
2968 
5374 
2971 
6127 
2972 
3948 
2975 
9552 
2979 
4914 
2984 
8193 
2990 
6372 
2997 
4672 
3000 
3273 
3003 
4183 
3007 
4056 
3009 
4084 
3013 
6132 
3014 
9645 
3025 
3536 
3027 
5647 
3029 
5637 
3030 
4561 
3033 
8230 
3034 
6980 
3035 
5390 
3037 
9021 
3040 
6208 
3046 
9084 
3053 
6315 
3058 
4903 
3061 
3234 
3066 
5287 
3069 
8419 
3072 
4109 
3073 
6241 
3074 
4530 
3076 
8038 
3077 
9365 
3080 
3242 
3081 
6951 
3086 
8459 
3088 
8649 
3090 
5206 
3092 
4834 
3093 
9114 
3094 
5289 
3097 
5999 
3103 
8861 
3104 
5550 
3109 
4981 
3111 
7764 
3112 
3846 
3115 
7974 
3117 
9069 
3119 
7130 
3125 
5781 
3126 
5211 
3127 
6890 
3130 
8248 
3132 
7564 
3136 
7319 
3141 
7539 
3148 
8187 
3151 
8118 
3154 
6350 
3157 
8374 
3158 
3939 
3165 
6513 
3167 
6707 
3172 
4482 
3174 
7075 
3189 
7144 
3194 
9682 
3195 
5785 
3197 
3693 
3203 
7865 
3214 
6235 
3239 
8529 
3240 
5585 
3253 
5393 
3260 
6579 
3264 
5622 
3267 
9870 
3269 
4463 
3270 
9343 
3274 
8131 
3288 
7129 
3290 
6605 
3293 
8600 
3311 
8292 
3315 
5361 
3316 
8246 
3318 
3410 
3321 
4408 
3330 
3435 
3331 
8523 
3333 
6683 
3334 
7461 
3336 
5866 
3339 
7531 
3344 
9129 
3346 
6959 
3347 
7655 
3350 
4155 
3354 
5175 
3355 
4025 
3357 
8323 
3358 
4077 
3363 
7350 
3379 
7459 
3385 
9006 
3386 
3582 
3392 
8935 
3398 
3625 
3408 
6176 
3413 
3484 
3414 
6525 
3417 
3559 
3418 
3514 
3420 
4506 
3425 
7174 
3430 
8676 
3433 
7823 
3437 
6148 
3441 
9107 
3447 
5724 
3448 
8687 
3451 
9366 
3457 
7847 
3459 
6482 
3468 
4357 
3472 
6173 
3477 
8285 
3481 
9213 
3483 
8764 
3487 
8438 
3488 
9648 
3489 
7821 
3490 
8304 
3491 
5044 
3494 
7401 
3501 
9349 
3508 
3802 
3517 
6273 
3519 
7117 
3523 
4300 
3525 
7743 
3526 
4211 
3527 
5185 
3530 
5877 
3531 
3554 
3533 
6556 
3534 
8513 
3535 
9148 
3537 
5396 
3539 
9996 
3540 
5136 
3543 
4704 
3546 
4640 
3551 
5921 
3552 
3622 
3553 
5836 
3556 
5459 
3561 
6248 
3562 
4053 
3564 
4045 
3570 
7548 
3571 
6095 
3577 
4333 
3578 
9961 
3585 
7955 
3590 
4605 
3595 
7675 
3596 
8080 
3598 
3649 
3604 
7285 
3607 
3624 
3608 
7724 
3609 
6230 
3615 
9502 
3616 
4493 
3620 
9578 
3626 
7276 
3627 
9498 
3629 
8759 
3630 
8871 
3637 
7964 
3640 
3902 
3648 
8176 
3652 
7446 
3658 
8887 
3659 
3762 
3661 
6245 
3663 
4237 
3669 
5678 
3673 
3959 
3680 
6869 
3685 
8734 
3686 
9734 
3694 
4188 
3700 
4112 
3703 
9660 
3711 
6269 
3713 
7037 
3722 
7885 
3723 
6439 
3724 
4279 
3726 
6177 
3735 
9071 
3738 
9968 
3740 
9034 
3742 
5592 
3744 
6191 
3746 
5753 
3750 
7899 
3752 
7293 
3754 
8989 
3755 
6955 
3761 
9806 
3764 
4590 
3765 
7210 
3771 
6381 
3772 
7937 
3773 
9374 
3776 
8847 
3785 
4034 
3798 
5708 
3803 
5422 
3804 
4111 
3805 
6577 
3806 
4830 
3807 
4280 
3811 
8863 
3814 
6024 
3815 
5230 
3816 
8953 
3820 
8978 
3823 
7891 
3830 
9329 
3840 
9098 
3841 
7041 
3847 
7692 
3848 
4031 
3857 
4583 
3859 
7264 
3862 
7316 
3864 
6060 
3867 
9281 
3868 
4894 
3869 
9727 
3871 
8197 
3873 
4412 
3875 
6969 
3880 
4106 
3883 
9509 
3886 
4958 
3889 
4485 
3895 
8472 
3899 
7625 
3903 
8577 
3908 
6477 
3916 
5176 
3921 
6770 
3922 
6466 
3923 
9492 
3926 
4705 
3930 
7411 
3932 
6971 
3934 
5896 
3935 
8413 
3945 
6818 
3946 
8652 
3947 
7469 
3951 
5164 
3953 
4352 
3960 
6190 
3961 
6860 
3964 
6092 
3967 
5843 
3968 
7140 
3979 
4221 
3982 
8434 
3992 
6146 
3996 
9167 
3999 
8151 
4003 
7066 
4005 
6564 
4006 
6672 
4009 
4389 
4018 
6666 
4020 
4248 
4040 
6480 
4042 
7403 
4043 
7460 
4046 
7224 
4047 
5076 
4048 
5559 
4051 
6080 
4059 
9754 
4061 
7232 
4087 
9207 
4090 
4891 
4096 
5632 
4098 
8570 
4104 
6211 
4105 
4976 
4119 
5815 
4122 
9587 
4124 
7783 
4125 
7893 
4126 
4439 
4127 
9840 
4132 
7530 
4145 
9172 
4152 
5089 
4164 
5069 
4165 
4498 
4168 
8488 
4173 
5992 
4176 
6302 
4180 
5839 
4182 
4649 
4189 
7997 
4191 
4245 
4196 
6775 
4208 
7480 
4214 
4254 
4232 
4555 
4233 
9169 
4235 
9426 
4236 
5982 
4242 
4842 
4257 
9609 
4270 
9053 
4272 
6293 
4273 
4470 
4281 
9857 
4287 
8771 
4288 
9188 
4292 
9049 
4314 
5788 
4321 
4372 
4331 
5349 
4332 
8111 
4335 
5619 
4340 
5601 
4342 
6669 
4350 
6907 
4355 
9922 
4367 
9429 
4391 
6314 
4393 
7726 
4403 
8781 
4407 
6438 
4409 
5688 
4410 
5848 
4413 
6140 
4416 
5012 
4418 
8179 
4427 
6824 
4436 
6228 
4448 
7705 
4454 
8931 
4455 
4693 
4467 
9037 
4471 
5067 
4475 
9193 
4478 
5252 
4483 
5575 
4488 
8019 
4490 
7179 
4494 
9323 
4496 
5718 
4500 
8296 
4501 
5628 
4507 
9292 
4509 
7664 
4513 
7690 
4518 
8842 
4520 
9486 
4529 
4607 
4538 
9889 
4540 
6819 
4546 
9324 
4553 
4628 
4560 
6029 
4562 
8621 
4572 
8503 
4592 
7069 
4594 
7607 
4596 
4861 
4599 
9054 
4600 
5792 
4609 
7491 
4613 
5879 
4617 
6234 
4623 
7377 
4625 
6572 
4629 
8747 
4635 
5473 
4636 
7626 
4642 
5927 
4659 
7206 
4663 
5971 
4671 
5630 
4673 
9058 
4676 
9274 
4690 
6379 
4717 
7768 
4721 
8575 
4723 
6530 
4724 
4792 
4726 
8347 
4731 
6443 
4748 
5539 
4749 
5309 
4750 
8966 
4756 
8421 
4772 
8761 
4774 
7969 
4778 
9981 
4784 
5030 
4793 
5267 
4797 
7022 
4800 
7084 
4807 
6395 
4808 
6124 
4816 
5701 
4818 
6630 
4832 
7635 
4835 
7793 
4843 
9641 
4846 
8808 
4856 
9406 
4860 
5436 
4875 
4998 
4878 
5643 
4887 
5636 
4902 
7882 
4905 
6892 
4908 
5563 
4915 
6197 
4919 
5354 
4921 
8630 
4923 
9695 
4924 
7511 
4926 
7058 
4930 
6720 
4940 
5822 
4941 
5914 
4947 
9463 
4949 
6911 
4952 
6793 
4955 
5331 
4969 
7153 
4978 
6909 
4984 
8591 
4986 
5571 
4995 
6321 
4999 
9752 
5001 
6542 
5002 
8084 
5009 
6417 
5021 
6219 
5025 
8592 
5029 
5863 
5041 
7939 
5050 
8727 
5054 
9843 
5055 
9905 
5066 
7310 
5071 
7390 
5079 
9357 
5080 
5081 
5086 
8029 
5092 
9506 
5094 
7685 
5097 
7834 
5103 
5506 
5107 
5640 
5111 
9499 
5115 
8660 
5120 
6017 
5129 
7421 
5132 
6168 
5142 
6889 
5145 
9505 
5146 
7211 
5153 
9437 
5157 
7074 
5178 
5698 
5181 
5849 
5191 
6223 
5204 
7127 
5207 
7408 
5209 
8388 
5210 
6344 
5213 
6697 
5216 
7642 
5217 
8658 
5218 
6150 
5221 
7934 
5231 
8974 
5239 
8493 
5243 
9568 
5256 
6967 
5257 
7275 
5263 
6028 
5265 
8722 
5291 
6734 
5293 
5641 
5302 
7217 
5314 
7111 
5315 
8641 
5319 
7118 
5320 
8095 
5342 
8904 
5343 
9850 
5344 
7883 
5363 
7302 
5369 
8178 
5371 
8351 
5380 
7160 
5389 
7971 
5391 
7710 
5402 
7081 
5405 
9644 
5408 
7716 
5412 
7714 
5413 
7871 
5415 
5801 
5416 
6573 
5418 
9865 
5420 
7651 
5426 
6766 
5432 
7221 
5437 
7806 
5439 
6523 
5440 
9044 
5449 
8669 
5452 
8114 
5454 
6373 
5456 
7600 
5461 
9980 
5479 
6498 
5487 
8873 
5491 
8684 
5492 
6896 
5494 
8753 
5496 
5888 
5498 
9807 
5499 
7097 
5500 
6686 
5516 
8306 
5524 
7561 
5528 
5924 
5534 
9713 
5536 
9584 
5538 
9696 
5560 
6486 
5566 
7204 
5570 
6726 
5574 
9427 
5599 
8477 
5603 
5947 
5608 
6419 
5616 
9732 
5625 
9237 
5626 
6139 
5631 
6056 
5634 
6412 
5645 
8293 
5652 
7623 
5654 
9688 
5660 
8043 
5661 
9288 
5662 
7289 
5667 
6074 
5673 
7505 
5674 
6468 
5677 
6832 
5684 
7935 
5689 
6981 
5692 
9838 
5700 
7713 
5702 
6983 
5709 
8254 
5710 
6518 
5720 
6416 
5729 
7192 
5732 
7167 
5735 
5825 
5738 
6634 
5740 
6144 
5741 
7917 
5743 
6516 
5747 
6122 
5752 
8241 
5762 
6888 
5763 
7365 
5767 
6739 
5795 
9388 
5799 
5878 
5800 
5960 
5802 
6317 
5803 
8817 
5807 
9234 
5817 
7323 
5824 
6374 
5827 
8333 
5834 
7291 
5838 
6356 
5845 
7249 
5846 
7992 
5853 
7599 
5855 
6604 
5856 
6747 
5857 
6975 
5865 
8437 
5881 
9593 
5887 
6901 
5894 
9496 
5915 
8796 
5916 
6431 
5922 
8343 
5932 
8636 
5933 
6428 
5940 
6593 
5950 
9278 
5953 
8930 
5956 
7590 
5961 
9844 
5965 
8489 
5994 
6917 
5997 
9475 
6000 
7918 
6001 
6508 
6003 
9986 
6010 
9599 
6015 
6299 
6022 
8967 
6030 
7757 
6033 
9834 
6038 
9046 
6041 
6147 
6044 
8509 
6047 
7559 
6055 
9719 
6059 
7668 
6069 
7292 
6075 
6426 
6094 
7098 
6103 
6499 
6104 
7306 
6117 
6137 
6119 
9775 
6123 
8828 
6129 
6844 
6138 
9762 
6143 
6385 
6153 
8623 
6165 
9471 
6166 
7437 
6170 
8309 
6179 
6300 
6184 
9989 
6193 
7878 
6200 
8431 
6215 
7634 
6246 
9687 
6251 
6692 
6252 
7936 
6256 
6671 
6258 
7805 
6264 
7335 
6265 
6278 
6271 
6984 
6275 
7063 
6289 
8137 
6291 
7509 
6298 
6533 
6301 
7384 
6306 
6538 
6325 
7157 
6326 
9517 
6336 
8072 
6358 
7178 
6369 
9763 
6371 
9480 
6377 
6633 
6401 
6463 
6407 
7956 
6411 
7151 
6418 
6709 
6420 
7756 
6424 
9804 
6425 
8429 
6427 
8498 
6440 
9830 
6456 
7223 
6458 
8040 
6467 
6488 
6469 
8665 
6474 
7994 
6475 
9418 
6494 
9991 
6509 
9792 
6510 
9880 
6520 
8227 
6565 
7398 
6570 
9622 
6576 
9841 
6586 
8908 
6587 
9565 
6607 
7543 
6614 
7385 
6616 
6684 
6623 
9056 
6625 
7943 
6626 
9269 
6631 
7145 
6635 
8335 
6636 
9960 
6644 
9575 
6646 
9801 
6664 
8032 
6670 
8366 
6682 
8907 
6688 
9103 
6696 
7570 
6699 
9786 
6715 
9615 
6725 
6805 
6733 
7476 
6742 
8677 
6745 
7595 
6767 
8884 
6772 
7299 
6774 
7317 
6776 
8897 
6780 
8481 
6786 
9820 
6790 
8943 
6827 
9011 
6840 
8632 
6841 
8439 
6847 
9375 
6849 
9627 
6859 
7031 
6863 
8237 
6864 
7466 
6866 
7190 
6874 
9504 
6876 
9294 
6877 
7930 
6882 
9833 
6891 
8517 
6895 
9529 
6900 
8867 
6905 
8546 
6910 
8219 
6912 
7139 
6940 
7876 
6941 
9851 
6943 
8470 
6953 
9550 
6956 
7754 
6957 
8430 
6962 
7450 
6990 
9403 
6993 
8088 
6997 
8749 
7002 
9858 
7015 
9344 
7017 
8382 
7046 
8101 
7053 
7364 
7064 
7303 
7068 
8329 
7077 
9614 
7078 
9180 
7126 
8803 
7143 
8602 
7156 
9906 
7168 
9555 
7172 
8389 
7184 
7241 
7197 
7993 
7199 
8937 
7208 
7504 
7212 
8675 
7214 
9977 
7215 
7529 
7228 
7367 
7234 
9896 
7246 
7524 
7255 
8537 
7261 
7927 
7278 
9863 
7288 
9706 
7309 
9891 
7320 
7417 
7322 
8516 
7330 
9215 
7342 
8169 
7353 
8883 
7361 
7989 
7382 
9405 
7405 
9465 
7422 
8661 
7427 
9247 
7442 
8637 
7489 
8901 
7490 
7606 
7512 
9796 
7545 
8590 
7546 
8640 
7569 
9310 
7575 
8087 
7589 
9123 
7593 
9689 
7594 
9554 
7596 
9092 
7601 
8453 
7618 
8143 
7638 
9799 
7641 
8938 
7657 
8552 
7662 
8406 
7676 
8679 
7677 
8377 
7691 
8721 
7696 
7718 
7703 
9482 
7721 
9201 
7742 
7984 
7745 
7809 
7753 
7836 
7759 
8711 
7760 
8502 
7776 
9823 
7786 
7896 
7788 
8067 
7797 
8068 
7808 
9569 
7831 
7968 
7851 
8183 
7897 
8232 
7912 
8053 
7922 
8117 
7926 
8298 
7942 
9016 
7944 
9810 
7951 
8601 
8018 
9677 
8028 
9673 
8052 
9912 
8058 
9222 
8125 
9420 
8130 
9933 
8157 
9119 
8205 
8457 
8229 
9197 
8242 
8812 
8257 
9087 
8260 
8587 
8319 
9771 
8328 
8626 
8332 
9224 
8350 
9911 
8353 
9940 
8360 
8446 
8387 
9992 
8405 
9704 
8448 
9279 
8461 
9890 
8475 
9244 
8484 
9238 
8485 
8910 
8504 
9474 
8533 
9527 
8544 
9461 
8557 
8574 
8604 
9390 
8618 
9026 
8631 
8899 
8633 
9249 
8634 
9793 
8657 
9337 
8704 
8954 
8746 
8848 
8773 
9358 
8792 
9731 
8794 
9319 
8818 
9369 
8823 
9983 
8846 
9468 
8882 
9926 
9080 
9616 
9088 
9860 
9156 
9439 
9232 
9438 
9252 
9297 
9387 
9592 
9394 
9852 
9395 
9674 
9633 
9966 
9886 
9900 
