2260
0 
6674 
4 
4953 
5 
2097 
6 
5507 
9 
3325 
11 
1230 
12 
3879 
17 
5035 
18 
5152 
21 
4805 
22 
5919 
24 
5602 
26 
2379 
28 
3900 
30 
6357 
31 
3213 
32 
1464 
37 
120 
38 
1098 
40 
4430 
44 
3390 
46 
3170 
48 
3120 
49 
3987 
50 
989 
53 
2806 
60 
136 
64 
2211 
65 
1558 
67 
5177 
71 
4479 
74 
1526 
75 
4935 
76 
4041 
77 
778 
80 
6448 
82 
6746 
83 
223 
86 
3500 
87 
3328 
90 
1750 
92 
4255 
93 
5116 
95 
1655 
97 
1542 
101 
3720 
107 
5990 
110 
2740 
113 
6388 
115 
4185 
122 
1757 
125 
4153 
126 
1033 
129 
2735 
131 
834 
132 
3775 
134 
5062 
135 
6109 
138 
4462 
139 
1644 
140 
2089 
141 
6464 
143 
3719 
146 
5668 
150 
1190 
160 
2154 
161 
4241 
164 
1978 
165 
353 
170 
1756 
171 
5189 
175 
3515 
176 
656 
181 
545 
189 
5112 
190 
1547 
191 
4154 
192 
6638 
196 
6831 
198 
5460 
200 
1769 
201 
893 
202 
453 
204 
1687 
207 
4497 
210 
6133 
213 
2667 
215 
947 
216 
3897 
217 
4892 
218 
4618 
219 
4121 
221 
6462 
224 
5059 
227 
922 
228 
410 
229 
726 
235 
6816 
239 
587 
241 
6465 
242 
6286 
243 
2059 
244 
4259 
245 
2828 
247 
998 
257 
938 
261 
3440 
262 
1430 
269 
5335 
273 
970 
275 
3376 
277 
2196 
280 
495 
281 
915 
287 
6867 
293 
3855 
294 
791 
296 
4150 
297 
3244 
300 
2307 
302 
4345 
310 
6852 
313 
1768 
314 
1904 
316 
3603 
319 
4113 
324 
4019 
325 
5140 
328 
2577 
329 
6402 
330 
6274 
331 
5428 
334 
3721 
339 
1713 
340 
4588 
342 
3678 
347 
1032 
350 
3861 
351 
5014 
352 
3745 
355 
5981 
356 
3201 
357 
4238 
358 
603 
359 
2225 
366 
1433 
367 
5483 
370 
1262 
373 
1421 
374 
5522 
377 
6472 
383 
4134 
385 
1834 
389 
3164 
397 
5368 
398 
5717 
400 
4644 
405 
2208 
407 
4197 
411 
899 
412 
4933 
414 
1626 
415 
1685 
417 
6557 
423 
1852 
424 
1282 
425 
441 
428 
2294 
430 
2140 
433 
507 
434 
3056 
439 
5031 
440 
1062 
442 
582 
447 
5638 
449 
4071 
460 
1007 
462 
3810 
463 
1395 
465 
1400 
467 
3229 
470 
942 
472 
835 
475 
1506 
477 
1760 
479 
4900 
484 
1568 
485 
4472 
486 
2569 
488 
3518 
493 
5482 
499 
6507 
500 
4140 
505 
3227 
506 
1920 
511 
2486 
517 
669 
519 
2722 
520 
1240 
521 
2360 
529 
2444 
534 
626 
536 
5851 
537 
2136 
539 
2492 
542 
5818 
546 
4078 
549 
2416 
551 
4243 
555 
6584 
556 
1500 
560 
2763 
561 
936 
564 
1939 
566 
3788 
567 
999 
590 
1723 
591 
2930 
596 
1833 
597 
1241 
608 
4581 
611 
1366 
612 
3224 
614 
4637 
618 
4239 
619 
2020 
621 
3644 
624 
2974 
629 
2986 
634 
6783 
640 
6346 
642 
2439 
643 
1864 
645 
6449 
652 
3107 
653 
1719 
655 
2082 
658 
3660 
666 
4387 
668 
1602 
679 
1396 
684 
2390 
685 
1738 
686 
4674 
690 
2574 
692 
6949 
693 
6569 
697 
1390 
698 
6771 
699 
2681 
704 
2736 
708 
4375 
710 
2709 
717 
1281 
723 
6621 
725 
4580 
729 
3978 
730 
3545 
734 
5552 
737 
5240 
739 
2217 
744 
2018 
745 
3736 
748 
5018 
749 
3089 
750 
6380 
751 
2639 
752 
2160 
756 
5611 
760 
1597 
761 
5475 
764 
2596 
765 
3356 
770 
3400 
781 
3295 
784 
4670 
787 
4796 
790 
5046 
794 
5223 
795 
4014 
796 
2875 
798 
2691 
803 
4446 
805 
4683 
808 
1725 
809 
2076 
810 
2407 
812 
2431 
813 
2836 
817 
4544 
819 
1829 
821 
5821 
823 
4266 
824 
1790 
827 
4308 
828 
3038 
829 
4002 
830 
1263 
838 
2767 
841 
1293 
842 
4668 
844 
4849 
852 
1370 
859 
4010 
862 
4563 
864 
4294 
866 
5806 
867 
939 
869 
5985 
870 
6856 
874 
2460 
876 
6820 
881 
1331 
886 
5333 
890 
2803 
891 
3281 
901 
5958 
908 
2152 
911 
2853 
912 
5356 
916 
1525 
917 
1196 
919 
3380 
930 
6528 
932 
5928 
933 
6846 
948 
5765 
949 
987 
953 
5680 
955 
2300 
960 
1664 
963 
2150 
969 
1174 
975 
6270 
976 
6595 
978 
1406 
980 
5399 
984 
3588 
991 
1616 
994 
1863 
1001 
4697 
1003 
1554 
1004 
1203 
1010 
5797 
1016 
2031 
1018 
1862 
1021 
1871 
1027 
4213 
1029 
1956 
1037 
1245 
1041 
3580 
1045 
5895 
1047 
4820 
1048 
5842 
1054 
6156 
1063 
3977 
1073 
2065 
1074 
2073 
1079 
2926 
1082 
2209 
1084 
3522 
1085 
3949 
1086 
2346 
1090 
4428 
1095 
4634 
1102 
1189 
1104 
4431 
1106 
3583 
1107 
4662 
1108 
6125 
1109 
4422 
1120 
4115 
1121 
4023 
1126 
3131 
1127 
2976 
1131 
2700 
1133 
5441 
1137 
4402 
1140 
4811 
1143 
3567 
1146 
4193 
1151 
4247 
1157 
6693 
1167 
4063 
1170 
6930 
1179 
2323 
1187 
4136 
1188 
3710 
1200 
2769 
1209 
4522 
1212 
1289 
1217 
4656 
1220 
6334 
1222 
3075 
1224 
1866 
1225 
4812 
1232 
4491 
1236 
2545 
1244 
5588 
1246 
3842 
1250 
1258 
1254 
5967 
1256 
3192 
1260 
3911 
1265 
5649 
1267 
5324 
1270 
6386 
1271 
5148 
1273 
1669 
1279 
2962 
1280 
1318 
1284 
1972 
1286 
5712 
1296 
4026 
1301 
5530 
1305 
3182 
1306 
4682 
1307 
1929 
1314 
2941 
1315 
3105 
1317 
5783 
1319 
3183 
1322 
5726 
1324 
5690 
1330 
4309 
1334 
2656 
1339 
5311 
1344 
6404 
1347 
6609 
1349 
2617 
1356 
4710 
1358 
5873 
1361 
3674 
1362 
3506 
1364 
5831 
1369 
6362 
1372 
6082 
1373 
4024 
1378 
1909 
1381 
2257 
1384 
4101 
1388 
4442 
1392 
3912 
1401 
4220 
1402 
6676 
1405 
5167 
1409 
1698 
1411 
4606 
1417 
5481 
1424 
4378 
1426 
2730 
1432 
6171 
1435 
4521 
1436 
1573 
1442 
1638 
1444 
6837 
1447 
1824 
1451 
5392 
1452 
6393 
1457 
6821 
1458 
6242 
1461 
5858 
1462 
2185 
1463 
3833 
1465 
3232 
1467 
3639 
1471 
5548 
1474 
3838 
1475 
1971 
1476 
4512 
1481 
3142 
1483 
2118 
1490 
6562 
1491 
6077 
1493 
5860 
1497 
3450 
1498 
6158 
1499 
5770 
1501 
5474 
1507 
5052 
1510 
6838 
1514 
1938 
1516 
2953 
1523 
4130 
1529 
3892 
1532 
3259 
1539 
4473 
1543 
1859 
1545 
2980 
1551 
5573 
1552 
4322 
1553 
4871 
1556 
5307 
1557 
6034 
1565 
5027 
1566 
2533 
1567 
3218 
1569 
6496 
1572 
2867 
1575 
1651 
1580 
1942 
1582 
4660 
1583 
3783 
1584 
5308 
1587 
4370 
1594 
1621 
1598 
3052 
1604 
2638 
1612 
4632 
1624 
5017 
1625 
6353 
1627 
5065 
1630 
3329 
1632 
4382 
1635 
3426 
1636 
5906 
1640 
3984 
1645 
5946 
1650 
1887 
1658 
3682 
1659 
4979 
1661 
4877 
1668 
2773 
1680 
3701 
1682 
4614 
1694 
6659 
1696 
1718 
1700 
4447 
1704 
5133 
1708 
3853 
1710 
3382 
1711 
5623 
1716 
5296 
1722 
4162 
1730 
6013 
1733 
4016 
1742 
4987 
1744 
2048 
1748 
2816 
1751 
2132 
1755 
3836 
1761 
6316 
1765 
6318 
1766 
5954 
1776 
6735 
1777 
4265 
1780 
2164 
1784 
3256 
1785 
3876 
1792 
2044 
1793 
4806 
1794 
2114 
1802 
2218 
1803 
6485 
1808 
5600 
1816 
4344 
1819 
5121 
1820 
5143 
1827 
2563 
1832 
4766 
1839 
3888 
1840 
6757 
1845 
6288 
1857 
1888 
1860 
6893 
1861 
3096 
1867 
4848 
1870 
3576 
1879 
1896 
1881 
6023 
1883 
4653 
1885 
2030 
1891 
3573 
1894 
3231 
1901 
3147 
1903 
5373 
1905 
5627 
1907 
4650 
1915 
4880 
1919 
2627 
1921 
5587 
1922 
5918 
1924 
6925 
1926 
2001 
1927 
2717 
1930 
6903 
1934 
6922 
1940 
5988 
1943 
4198 
1955 
4854 
1961 
2382 
1962 
5567 
1970 
5568 
1977 
2288 
1984 
6399 
1992 
6260 
1993 
5805 
2004 
2593 
2007 
4980 
2009 
6979 
2011 
5840 
2012 
3600 
2016 
6598 
2021 
2864 
2022 
4886 
2032 
4311 
2034 
5451 
2035 
6756 
2036 
2682 
2039 
6848 
2040 
6908 
2042 
5520 
2045 
2241 
2049 
6008 
2057 
5005 
2058 
4566 
2061 
3794 
2062 
3279 
2066 
5202 
2069 
2669 
2070 
2362 
2074 
3910 
2081 
4456 
2083 
2636 
2084 
3245 
2086 
5719 
2088 
4044 
2094 
4954 
2099 
3351 
2100 
5774 
2103 
2951 
2104 
5192 
2107 
5569 
2109 
6152 
2119 
3784 
2124 
2305 
2125 
6878 
2131 
2268 
2139 
4453 
2143 
5305 
2149 
6535 
2151 
3204 
2153 
6434 
2158 
2509 
2165 
4388 
2168 
6904 
2170 
3733 
2178 
3952 
2179 
5114 
2180 
6966 
2186 
2414 
2191 
5241 
2194 
3402 
2200 
2641 
2204 
4420 
2205 
2726 
2222 
5864 
2223 
5885 
2230 
5561 
2236 
2891 
2248 
4508 
2250 
6213 
2255 
6225 
2262 
2900 
2269 
2929 
2270 
4151 
2271 
3024 
2274 
6051 
2275 
6088 
2279 
6620 
2283 
4319 
2286 
5383 
2290 
6657 
2301 
2314 
2315 
4012 
2318 
4369 
2320 
6765 
2321 
5026 
2325 
2417 
2326 
2659 
2334 
6803 
2335 
3467 
2339 
4994 
2340 
6162 
2342 
4711 
2344 
2961 
2345 
4733 
2348 
4627 
2350 
4658 
2357 
2508 
2358 
3421 
2376 
3169 
2384 
6537 
2385 
3928 
2386 
3028 
2393 
6529 
2403 
6519 
2408 
5972 
2410 
5861 
2415 
5425 
2420 
4404 
2421 
6363 
2424 
5790 
2434 
2920 
2436 
3751 
2438 
6151 
2449 
2946 
2451 
5586 
2452 
5521 
2456 
3813 
2458 
5777 
2464 
3828 
2474 
2653 
2478 
4102 
2482 
5346 
2494 
5007 
2497 
3470 
2499 
4156 
2500 
4364 
2503 
3786 
2505 
4688 
2507 
2903 
2510 
6134 
2524 
5505 
2526 
6209 
2535 
4828 
2544 
5685 
2547 
4400 
2551 
4679 
2557 
5269 
2575 
6172 
2578 
4204 
2581 
3504 
2583 
5791 
2585 
6505 
2592 
6681 
2594 
6073 
2602 
3731 
2603 
5607 
2604 
4305 
2610 
5336 
2622 
6585 
2625 
5215 
2626 
6833 
2630 
5813 
2631 
3650 
2633 
4149 
2645 
6968 
2646 
3161 
2648 
5493 
2649 
4166 
2657 
4347 
2668 
3191 
2680 
6886 
2687 
6995 
2688 
4007 
2696 
3584 
2701 
4001 
2702 
4070 
2703 
4824 
2704 
3896 
2712 
5158 
2725 
5351 
2732 
4249 
2742 
3099 
2746 
2862 
2752 
6198 
2761 
4401 
2762 
3460 
2765 
3542 
2770 
4577 
2786 
4641 
2794 
6309 
2796 
5535 
2804 
6758 
2805 
6885 
2809 
3634 
2831 
3345 
2838 
6333 
2844 
5040 
2846 
5332 
2847 
4468 
2849 
3893 
2851 
6376 
2859 
4386 
2871 
5251 
2882 
3623 
2883 
6444 
2885 
5053 
2890 
4988 
2909 
5306 
2911 
5537 
2913 
5979 
2917 
6349 
2919 
3651 
2934 
6703 
2945 
4918 
2968 
5374 
2971 
6127 
2972 
3948 
2979 
4914 
2990 
6372 
2997 
4672 
3000 
3273 
3003 
4183 
3007 
4056 
3009 
4084 
3013 
6132 
3025 
3536 
3027 
5647 
3029 
5637 
3030 
4561 
3034 
6980 
3035 
5390 
3040 
6208 
3053 
6315 
3058 
4903 
3061 
3234 
3066 
5287 
3072 
4109 
3073 
6241 
3074 
4530 
3080 
3242 
3081 
6951 
3090 
5206 
3092 
4834 
3094 
5289 
3097 
5999 
3104 
5550 
3109 
4981 
3112 
3846 
3125 
5781 
3126 
5211 
3127 
6890 
3154 
6350 
3158 
3939 
3165 
6513 
3167 
6707 
3172 
4482 
3195 
5785 
3197 
3693 
3214 
6235 
3240 
5585 
3253 
5393 
3260 
6579 
3264 
5622 
3269 
4463 
3290 
6605 
3315 
5361 
3318 
3410 
3321 
4408 
3330 
3435 
3333 
6683 
3336 
5866 
3346 
6959 
3350 
4155 
3354 
5175 
3355 
4025 
3358 
4077 
3386 
3582 
3398 
3625 
3408 
6176 
3413 
3484 
3414 
6525 
3417 
3559 
3418 
3514 
3420 
4506 
3437 
6148 
3447 
5724 
3459 
6482 
3468 
4357 
3472 
6173 
3491 
5044 
3508 
3802 
3517 
6273 
3523 
4300 
3526 
4211 
3527 
5185 
3530 
5877 
3531 
3554 
3533 
6556 
3537 
5396 
3540 
5136 
3543 
4704 
3546 
4640 
3551 
5921 
3552 
3622 
3553 
5836 
3556 
5459 
3561 
6248 
3562 
4053 
3564 
4045 
3571 
6095 
3577 
4333 
3590 
4605 
3598 
3649 
3607 
3624 
3609 
6230 
3616 
4493 
3640 
3902 
3659 
3762 
3661 
6245 
3663 
4237 
3669 
5678 
3673 
3959 
3680 
6869 
3694 
4188 
3700 
4112 
3711 
6269 
3723 
6439 
3724 
4279 
3726 
6177 
3742 
5592 
3744 
6191 
3746 
5753 
3755 
6955 
3764 
4590 
3771 
6381 
3785 
4034 
3798 
5708 
3803 
5422 
3804 
4111 
3805 
6577 
3806 
4830 
3807 
4280 
3814 
6024 
3815 
5230 
3848 
4031 
3857 
4583 
3864 
6060 
3868 
4894 
3873 
4412 
3875 
6969 
3880 
4106 
3886 
4958 
3889 
4485 
3908 
6477 
3916 
5176 
3921 
6770 
3922 
6466 
3926 
4705 
3932 
6971 
3934 
5896 
3945 
6818 
3951 
5164 
3953 
4352 
3960 
6190 
3961 
6860 
3964 
6092 
3967 
5843 
3979 
4221 
3992 
6146 
4005 
6564 
4006 
6672 
4009 
4389 
4018 
6666 
4020 
4248 
4040 
6480 
4047 
5076 
4048 
5559 
4051 
6080 
4090 
4891 
4096 
5632 
4104 
6211 
4105 
4976 
4119 
5815 
4126 
4439 
4152 
5089 
4164 
5069 
4165 
4498 
4173 
5992 
4176 
6302 
4180 
5839 
4182 
4649 
4191 
4245 
4196 
6775 
4214 
4254 
4232 
4555 
4236 
5982 
4242 
4842 
4272 
6293 
4273 
4470 
4314 
5788 
4321 
4372 
4331 
5349 
4335 
5619 
4340 
5601 
4342 
6669 
4350 
6907 
4391 
6314 
4407 
6438 
4409 
5688 
4410 
5848 
4413 
6140 
4416 
5012 
4427 
6824 
4436 
6228 
4455 
4693 
4471 
5067 
4478 
5252 
4483 
5575 
4496 
5718 
4501 
5628 
4529 
4607 
4540 
6819 
4553 
4628 
4560 
6029 
4596 
4861 
4600 
5792 
4613 
5879 
4617 
6234 
4625 
6572 
4635 
5473 
4642 
5927 
4663 
5971 
4671 
5630 
4690 
6379 
4723 
6530 
4724 
4792 
4731 
6443 
4748 
5539 
4749 
5309 
4784 
5030 
4793 
5267 
4807 
6395 
4808 
6124 
4816 
5701 
4818 
6630 
4860 
5436 
4875 
4998 
4878 
5643 
4887 
5636 
4905 
6892 
4908 
5563 
4915 
6197 
4919 
5354 
4930 
6720 
4940 
5822 
4941 
5914 
4949 
6911 
4952 
6793 
4955 
5331 
4978 
6909 
4986 
5571 
4995 
6321 
5001 
6542 
5009 
6417 
5021 
6219 
5029 
5863 
5080 
5081 
5103 
5506 
5107 
5640 
5120 
6017 
5132 
6168 
5142 
6889 
5178 
5698 
5181 
5849 
5191 
6223 
5210 
6344 
5213 
6697 
5218 
6150 
5256 
6967 
5263 
6028 
5291 
6734 
5293 
5641 
5415 
5801 
5416 
6573 
5426 
6766 
5439 
6523 
5454 
6373 
5479 
6498 
5492 
6896 
5496 
5888 
5500 
6686 
5528 
5924 
5560 
6486 
5570 
6726 
5603 
5947 
5608 
6419 
5626 
6139 
5631 
6056 
5634 
6412 
5667 
6074 
5674 
6468 
5677 
6832 
5689 
6981 
5702 
6983 
5710 
6518 
5720 
6416 
5735 
5825 
5738 
6634 
5740 
6144 
5743 
6516 
5747 
6122 
5762 
6888 
5767 
6739 
5799 
5878 
5800 
5960 
5802 
6317 
5824 
6374 
5838 
6356 
5855 
6604 
5856 
6747 
5857 
6975 
5887 
6901 
5916 
6431 
5933 
6428 
5940 
6593 
5994 
6917 
6001 
6508 
6015 
6299 
6041 
6147 
6075 
6426 
6103 
6499 
6117 
6137 
6129 
6844 
6143 
6385 
6179 
6300 
6251 
6692 
6256 
6671 
6265 
6278 
6271 
6984 
6298 
6533 
6306 
6538 
6377 
6633 
6401 
6463 
6418 
6709 
6467 
6488 
6616 
6684 
6725 
6805 
